image: mapNav_1.pgm
resolution: 0.050000
origin: [-20.475, -25.2, 0.000000]
negate: 0
occupied_thresh: 0.65
free_thresh: 0.196

