image: mapNav_4.pgm
resolution: 0.010000
origin: [-14.6, -13.83, 0.000000]
negate: 0
occupied_thresh: 0.65
free_thresh: 0.196

