image: mapNav_2.pgm
resolution: 0.050000
origin: [-29.775, -36.65, 0.000000]
negate: 0
occupied_thresh: 0.65
free_thresh: 0.196

