image: mapS3000.pgm
resolution: 0.050000
origin: [-19.6, -24.9, 0.000000]
negate: 0
occupied_thresh: 0.65
free_thresh: 0.196

